Weights: [[ 0.34795098  0.34795098  0.34795098  0.34795098  0.34795098  0.34795098
   0.34795098  0.34795098  0.34795098  0.34795098  0.34795098  0.34795098]
 [ 0.67861858  0.67861858  0.67861858  0.67861858  0.67861858  0.67861858
   0.67861858  0.67861858  0.67861858  0.67861858  0.67861858  0.67861858]
 [-0.88965351 -0.88965351 -0.88965351 -0.88965351 -0.88965351 -0.88965351
  -0.88965351 -0.88965351 -0.88965351 -0.88965351 -0.88965351 -0.88965351]
 [-1.42885801 -1.42885801 -1.42885801 -1.42885801 -1.42885801 -1.42885801
  -1.42885801 -1.42885801 -1.42885801 -1.42885801 -1.42885801 -1.42885801]]
Biases: [[ 0.23409925  0.23409925  0.23409925  0.23409925  0.23409925  0.23409925
   0.23409925  0.23409925  0.23409925  0.23409925  0.23409925  0.23409925]]

Weights: [[ 1.38534019 -0.18041134 -4.19932814]
 [ 1.38534019 -0.18041134 -4.19932814]
 [ 1.38534019 -0.18041134 -4.19932814]
 [ 1.38534019 -0.18041134 -4.19932814]
 [ 1.38534019 -0.18041134 -4.19932814]
 [ 1.38534019 -0.18041134 -4.19932814]
 [ 1.38534019 -0.18041134 -4.19932814]
 [ 1.38534019 -0.18041134 -4.19932814]
 [ 1.38534019 -0.18041134 -4.19932814]
 [ 1.38534019 -0.18041134 -4.19932814]
 [ 1.38534019 -0.18041134 -4.19932814]
 [ 1.38534019 -0.18041134 -4.19932814]]
Biases: [[-9.32792486 -0.0555557   4.70837806]]

